B1709 = 20.000000
C4567 = 20.000000
F5567 = 20.000000
k75567 = 20.000000
Ghj7866 = 15.000000
Z4444 = 22.000000
